3979
3988
3989
3996
4012
4015
4018
4021
4022
4027
4030
4032
4042
4044
4048
4053
4054
4058
4073
4075
4077
4078
4079
4080
4081
4082
4188
4189
4191
4201
4203
4204
4205
4207
4208
4210
4211
4213
4214
4215
4216
4217
4220
4226
4228
4229
4230
4231
4233
4235
4236
4237
4238
4239
4241
4242
4243
4244
4245
4246
4247
4249
4250
4251
4252
4254
4256
4257
4260
4261
4262
4263
4264
4267
4268
4269
4270
4271
4274
4275
4276
4278
4279
4281
4289
4290
4291
4293
4294
4295
4296
4298
4303
4304
4305
4307
4308
4309
4310
4311
4313
4314
4315
4316
4318
4319
4321
4322
4323
4324
4327
4330
4335
4336
4337
4340
4341
4342
4343
4344
4345
4346
4360
4361
4368
4369
4373
4374
4375
4376
4377
4381
4383
4384
4387
4391
4392
4396
4397
4398
4399
4400
4402
4403
4404
4405
4406
4407
4408
4424
4425
4426
4427
4428
4429
4432
4433
4434
4435
4437
4438
4440
4443
4445
4448
4450
4451
4452
4453
4455
4458
4461
4463
4466
4468
4469
4473
4474
4475
4476
4477
4496
4498
4500
4503
4505
4507
4509
4510
4514
4516
4518
4519
4522
4524
4525
4529
4531
4547
4550
4551
4556
4559
4561
4564
4566
4568
4569
4571
4600
4603
4609
4610
4611
4614
4618
4666
4667
4668
4673
4678
4686
4687
4692
4696
4701
4702
4704
4706
4707
4710
4711
4712
4716
4717
4718
4719
4725
4726
4727
4728
4729
4732
4733
4736
4740
4741
4742
4743
4752
4753
4755
4756
4758
4759
4760
4783
4785
4789
4790
4791
4793
4794
4795
4796
4818
4830
4847
4848
4849
4862
4869
4871
4872
4880
4881
4886
4893
4894
4937
4939
4942
4944
4952
4977
4992
