4074
4075
4185
4190
4200
4206
4213
4215
4217
4218
4219
4231
4232
4242
4247
4249
4255
4256
4278
4279
4289
4290
4292
4293
4298
4304
4306
4310
4312
4315
4316
4321
4322
4342
4347
4363
4382
4385
4388
4389
4390
4393
4394
4436
4449
4452
4453
4454
4455
4466
4469
4473
4474
4476
4495
4496
4503
4505
4507
4520
4523
4535
4554
4555
4556
4558
4561
4565
4566
4567
4573
4574
4581
4601
4613
4617
4618
4669
4676
4685
4691
4693
4698
4700
4702
4703
4708
4709
4710
4711
4715
4716
4717
4720
4726
4729
4731
4738
4746
4747
4750
4751
4755
4756
4761
4762
4763
4764
4779
4781
4782
4784
4786
4787
4792
4797
4799
4800
4806
4807
4810
4818
4819
4820
4821
4822
4823
4824
4825
4827
4828
4829
4830
4831
4832
4833
4834
4835
4837
4839
4842
4843
4847
4850
4851
4852
4861
4862
4866
4868
4870
4872
4874
4876
4878
4879
4880
4881
4882
4887
4889
4891
4892
4893
4894
4895
4896
4897
4899
4900
4902
4904
4905
4906
4908
4913
4914
4921
4922
4923
4926
4927
4928
4929
4930
4931
4932
4933
4938
4939
4941
4942
4946
4949
4950
4953
4954
4955
4960
4961
4963
4976
4978
4979
4980
4981
4982
4983
4988
4989
4991
4992
4993
4994
4995
4997
4998
5004
5006
