4250
4322
4339
4340
4341
4376
4390
4398
4404
4426
4475
4503
4504
4507
4508
4509
4510
4513
4514
4515
4516
4518
4519
4522
4523
4524
4527
4528
4529
4530
4531
4533
4535
4549
4553
4554
4555
4556
4557
4560
4562
4565
4569
4571
4575
4578
4580
4582
4584
4605
4610
4613
4616
4664
4671
4675
4678
4683
4686
4689
4692
4696
4702
4704
4705
4706
4707
4708
4709
4710
4711
4714
4715
4716
4717
4718
4719
4720
4727
4728
4729
4730
4732
4733
4736
4737
4742
4743
4746
4748
4758
4760
4762
4784
4787
4788
4789
4790
4791
4792
4793
4795
4796
4798
4801
4805
4807
4808
4810
4811
4812
4813
4815
4818
4821
4822
4825
4829
4832
4833
4834
4835
4838
4842
4846
4849
4852
4854
4857
4858
4859
4860
4861
4862
4865
4869
4871
4872
4875
4878
4886
4892
4896
4898
4902
4905
4909
4917
4919
4922
4926
4929
4931
4934
4935
4939
4941
4942
4944
4947
4948
4949
4951
4952
4953
4954
4956
4957
4982
4983
4984
4985
4988
4989
4990
4991
4992
4995
