3990
4185
4188
4190
4197
4199
4200
4232
4236
4242
4243
4251
4336
4408
4424
4433
4455
4456
4457
4465
4504
4505
4509
4510
4511
4513
4514
4515
4516
4517
4518
4519
4520
4522
4523
4524
4525
4526
4527
4528
4529
4530
4531
4532
4533
4534
4535
4547
4548
4557
4561
4578
4579
4580
4601
4665
4669
4670
4681
4690
4697
4698
4700
4702
4703
4704
4705
4708
4712
4716
4718
4719
4720
4725
4726
4727
4745
4748
4749
4750
4755
4761
4763
4782
4789
4792
4796
4797
4800
4802
4803
4805
4807
4808
4809
4810
4813
4828
4830
4837
4844
4845
4846
4849
4850
4851
4852
4855
4856
4864
4865
4866
4867
4868
4873
4879
4893
4894
4895
4900
4904
4905
4910
4913
4920
4921
4922
4923
4924
4925
4926
4927
4929
4930
4931
4932
4933
4934
4935
4936
4937
4939
4940
4941
4942
4945
4947
4948
4951
4953
4955
4956
4957
4959
4962
4976
4979
4991
4992
4993
4994
4998
5006
